0 29
1 877
2 472
3 607
4 1006
5 1003
6 1054
7 1165
8 1315
9 1396
10 3392
11 1842
12 1984
13 2199
14 2153
15 2153
16 2342
17 2402
18 3887
19 2773
20 2915
21 3281
22 3461
23 3992
24 3480
25 3524
26 3971
27 3948
28 5730
29 4196
30 4467
31 4372
32 4419
33 4591
34 4919
35 6196
36 5027
37 5146
38 5246
39 5333
40 5912
41 7180
42 5850
43 6236
44 6332
45 6204
46 6458
47 8210
48 6748
49 7630
50 7061
51 7083
52 8599
53 7421
54 7168
55 7257
56 7606
57 8931
58 7873
59 7926
60 8309
61 8113
62 9772
63 8377
64 8731
65 8548
66 8697
67 10467
68 9415
69 9453
70 11618
71 11481
72 11402
73 9807
74 9867
75 9952
76 11517
77 10233
78 10321
79 10546
80 10534
81 12510
82 11070
83 10907
84 11189
85 12722
86 11710
87 11730
88 11467
89 11749
90 13502
91 12093
92 12372
93 12521
94 15426
95 12660
96 12994
97 13256
98 13926
99 13668
100 13197
101 13865
102 13760
103 14575
104 14177
105 14735
106 14281
107 14609
108 15227
109 14649
110 17301
111 17254
112 15907
113 16005
114 15626
115 15527
116 16357
117 15667
118 15659
119 15889
120 16925
121 16905
122 16176
123 16477
124 17407
125 16984
126 19114
127 20319
128 19009
129 17039
130 17300
131 18488
132 17597
133 17619
134 17717
135 18908
136 18033
137 18194
138 19235
139 19653
140 18796
141 19058
142 19826
143 19102
144 19151
145 20236
146 19481
147 19510
148 20626
149 19998
150 19997
151 20272
152 21143
153 20495
154 20283
155 21561
156 21087
157 20793
158 21874
159 21159
160 21184
161 22257
162 21839
163 21773
164 22612
165 21970
166 22371
167 22895
168 22438
169 23233
170 23191
171 23056
172 23764
173 23132
174 24574
175 24275
176 23131
177 23559
178 24428
179 24004
180 24434
181 24159
182 25016
183 25852
184 24620
185 24712
186 25161
187 25350
188 25591
189 25161
190 25398
191 26098
192 25559
193 26298
194 25958
195 26076
196 26801
197 26074
198 26951
199 26736
200 27297
201 26751
202 27287
203 27801
204 27118
205 27787
206 30451
207 28008
208 28080
209 28293
210 28620
211 28177
212 28920
213 32420
214 38663
215 36483
216 38785
217 104012
218 53466
219 31878
220 30529
221 31434
222 36542
223 30291
224 30355
225 30732
226 30054
227 30958
228 30272
229 30942
230 30801
231 31457
232 30894
233 31439
234 31057
235 31805
236 32200
237 34821
238 32336
239 32307
240 32082
241 32608
242 32283
243 33122
244 32609
245 33393
246 33055
247 34131
248 33049
249 33721
250 33338
251 33909
252 34369
253 34480
254 34305
255 34969
256 34370
257 34805
258 34097
259 35184
260 35234
261 34839
262 35648
263 35159
264 35817
265 35248
266 36262
267 36484
268 36437
269 37363
270 36584
271 37190
272 37507
273 47502
274 38144
275 37804
276 37452
277 36734
278 37323
279 39899
280 38052
281 37461
282 38107
283 38005
284 37806
285 38489
286 38126
287 39166
288 39129
289 39427
290 39138
291 39247
292 39521
293 40225
294 38821
295 40011
296 39859
297 39728
298 40005
299 39492
300 41123
301 40367
302 40094
303 40862
304 41002
305 40344
306 42196
307 47339
308 50659
309 54803
310 53173
311 57552
312 49960
313 47275
314 44208
315 42374
316 42176
317 43099
318 44749
319 42945
320 44161
321 43566
322 43120
323 43995
324 43901
325 43169
326 44546
327 44438
328 44380
329 44039
330 44984
331 44812
332 44718
333 45584
334 45284
335 45093
336 45524
337 45479
338 44941
339 46719
340 46079
341 45913
342 45684
343 46570
344 46967
345 47022
346 46598
347 47196
348 47581
349 47199
350 47706
351 47381
352 47653
353 47903
354 48008
355 48806
356 48434
357 47727
358 49348
359 49350
360 48840
361 48456
362 48224
363 50136
364 48988
365 49364
366 49285
367 49401
368 49859
369 50051
370 49448
371 50175
372 50337
373 50805
374 50096
375 51244
376 51799
377 51210
378 51222
379 50766
380 51153
381 52268
382 51398
383 51132
384 51253
385 52227
386 51441
387 52222
388 51947
389 51837
390 52701
391 53462
392 52414
393 53070
394 53292
395 52643
396 53596
397 54448
398 54029
399 54332
400 54255
401 53324
402 54745
403 54533
404 54172
405 54977
406 54560
407 63036
408 58178
409 58046
410 58570
411 55400
412 55342
413 55165
414 55063
415 57193
416 57360
417 55868
418 56057
419 58188
420 56184
421 56282
422 55777
423 56155
424 56725
425 57505
426 57058
427 57348
428 57403
429 57323
430 57661
431 57604
432 57557
433 57969
434 57994
435 57939
436 58220
437 58352
438 59281
439 58798
440 58891
441 59038
442 59455
443 59055
444 58460
445 59332
446 59313
447 59885
448 59735
449 60319
450 60313
451 60448
452 61183
453 60314
454 61625
455 61570
456 61463
457 61691
458 61460
459 62125
460 61554
461 61665
462 62413
463 69737
464 61912
465 62286
466 61972
467 62094
468 62446
469 62662
470 63146
471 62738
472 63206
473 62750
474 63515
475 63575
476 63532
477 63771
478 63799
479 63980
480 64499
481 64346
482 64880
483 64755
484 64981
485 65267
486 65350
487 65806
488 65244
489 65362
490 66116
491 65431
492 65616
493 65677
494 65892
495 66222
496 66812
497 66100
498 66365
499 66349
500 66338
501 67076
502 67036
503 66737
504 67299
505 67184
506 67117
507 67913
508 67569
509 67602
510 69231
511 68376
512 68224
513 68317
514 68568
515 68426
516 68788
517 68993
518 70664
519 69996
520 69751
521 69466
522 70028
523 70013
524 69916
525 70448
526 70240
527 70288
528 70420
529 70260
530 71071
531 71458
532 71160
533 71175
534 71167
535 71333
536 78626
537 76603
538 76495
539 73543
540 75474
541 71602
542 72038
543 72846
544 72454
545 72540
546 73001
547 73556
548 73919
549 73096
550 73233
551 73193
552 73800
553 74312
554 73688
555 73936
556 74317
557 74345
558 74475
559 74809
560 74953
561 74826
562 74761
563 75482
564 75119
565 76258
566 75157
567 75455
568 75809
569 76367
570 77001
571 75750
572 76270
573 76505
574 76160
575 76934
576 80370
577 76918
578 78073
579 77137
580 78021
581 77358
582 77674
583 77886
584 78374
585 78297
586 78557
587 78238
588 78336
589 79080
590 78812
591 78899
592 78843
593 79491
594 79280
595 79173
596 79550
597 80042
598 79664
599 79793
600 79898
601 80710
602 80210
603 80657
604 80768
605 81556
606 81861
607 81333
608 82029
609 80463
610 81193
611 81343
612 81950
613 81896
614 84318
615 82957
616 83200
617 82492
618 82838
619 83488
620 83494
621 83334
622 84044
623 90090
624 117614
625 124617
626 100219
627 85577
628 84689
629 84331
630 86722
631 84022
632 85142
633 84532
634 84520
635 84972
636 84808
637 84961
638 87696
639 96441
640 93590
641 87805
642 85720
643 85592
644 87054
645 86699
646 87062
647 86644
648 86494
649 87673
650 86669
651 87051
652 87464
653 86964
654 86941
655 87889
656 87446
657 88059
658 87709
659 88055
660 88513
661 88072
662 88740
663 89157
664 88648
665 89532
666 88989
667 89371
668 89489
669 89250
670 90260
671 89712
672 89550
673 90164
674 89444
675 90720
676 90122
677 91343
678 90413
679 90638
680 91525
681 90951
682 92150
683 91750
684 92723
685 91798
686 91920
687 93164
688 91922
689 93002
690 97002
691 92637
692 92521
693 93690
694 92113
695 92150
696 92922
697 92992
698 93683
699 93088
700 94020
701 93331
702 94179
703 93828
704 95843
705 94312
706 94307
707 94100
708 94904
709 94109
710 95173
711 94797
712 95429
713 94683
714 95948
715 98252
716 96097
717 96064
718 96785
719 95473
720 96850
721 95845
722 96734
723 96493
724 97209
725 97119
726 98095
727 100293
728 109049
729 103126
730 99080
731 97462
732 97853
733 97746
734 97891
735 98198
736 98784
737 98988
738 98201
739 99059
740 98262
741 99311
742 99174
743 100064
744 99661
745 100654
746 99935
747 104707
748 100655
749 99485
750 100732
751 100211
752 100269
753 100819
754 100946
755 101494
756 100721
757 101236
758 110525
759 145880
760 201983
761 102881
762 103095
763 103456
764 102785
765 102404
766 102236
767 103194
768 102285
769 103307
770 102844
771 104048
772 104586
773 103729
774 103100
775 104859
776 103581
777 103499
778 104959
779 103595
780 127924
781 104816
782 104571
783 105037
784 105453
785 109786
786 165055
787 165772
788 106052
789 108378
790 106504
791 107534
792 107307
793 117963
794 110462
795 112946
796 113145
797 112456
798 110891
799 110795
800 109380
801 114223
802 111525
803 113131
804 128066
805 210285
806 164614
807 108313
808 112413
809 109481
810 113265
811 109140
812 109456
813 111500
814 110791
815 114552
816 109770
817 110402
818 110045
819 113736
820 114715
821 110516
822 111694
823 124195
824 155045
825 123369
826 112856
827 113198
828 119249
829 118284
830 112216
831 113039
832 112352
833 123512
834 119626
835 114130
836 238058
837 155847
838 132230
839 117659
840 113029
841 113972
842 113125
843 122140
844 118208
845 114760
846 120095
847 115527
848 118002
849 114687
850 117138
851 113832
852 115104
853 116393
854 119524
855 119705
856 117218
857 116393
858 115377
859 133067
860 178970
861 133674
862 116841
863 116967
864 116427
865 116302
866 117607
867 116694
868 116499
869 128778
870 120686
871 158452
872 218676
873 128728
874 209213
875 155495
876 128153
877 123415
878 195068
879 219692
880 120763
881 119792
882 127931
883 120135
884 118261
885 122419
886 130308
887 119625
888 122687
889 125206
890 124838
891 125115
892 157700
893 233051
894 374687
895 241352
896 120638
897 285014
898 120254
899 120436
900 120727
901 121218
902 121035
903 121331
904 121765
905 122295
906 122183
907 122288
908 124949
909 122468
910 122307
911 125090
912 123331
913 122837
914 122575
915 122633
916 123486
917 124904
918 184203
919 125199
920 200995
921 162517
922 126748
923 127180
924 124371
925 123839
926 124779
927 135573
928 130769
929 124278
930 125980
931 126769
932 126156
933 125310
934 125602
935 126040
936 125140
937 125795
938 125174
939 125760
940 125906
941 125464
942 135173
943 204376
944 130199
945 127044
946 127603
947 126846
948 127366
949 127781
950 127451
951 127004
952 127567
953 129054
954 128197
955 128826
956 129992
957 128506
958 128657
959 128659
960 129105
961 129000
962 128945
963 129451
964 130128
965 177713
966 174697
967 129720
968 132169
969 149402
970 130561
971 137034
972 220330
973 144520
974 132845
975 130551
976 131279
977 130553
978 134554
979 137667
980 131178
981 134551
982 215673
983 147951
984 131829
985 132218
986 132499
987 144802
988 141336
989 132605
990 132866
991 132912
992 134833
993 133531
994 132733
995 133105
996 133346
997 133460
998 133157
999 134838
