0 33
1 860
2 577
3 735
4 996
5 960
6 1170
7 1307
8 1305
9 1487
10 4135
11 1981
12 1863
13 2527
14 2276
15 2202
16 2396
17 2654
18 4622
19 3617
20 3841
21 3690
22 3557
23 3605
24 3437
25 3521
26 4107
27 4167
28 5736
29 4056
30 4138
31 4599
32 5157
33 4646
34 4590
35 6371
36 5289
37 5592
38 5633
39 5587
40 5347
41 7481
42 5720
43 5857
44 6158
45 6228
46 6552
47 9080
48 8088
49 7474
50 6869
51 7557
52 8607
53 7243
54 7087
55 7271
56 7542
57 8811
58 7682
59 7891
60 8182
61 8623
62 10333
63 8594
64 9149
65 8596
66 8886
67 10535
68 8970
69 9219
70 9210
71 9336
72 11197
73 9928
74 9769
75 10091
76 11883
77 10247
78 10482
79 10683
80 10503
81 12991
82 10937
83 11151
84 11194
85 11182
86 13289
87 11613
88 11684
89 12199
90 14593
91 12875
92 12470
93 12761
94 14472
95 13079
96 13924
97 13196
98 13258
99 14479
100 13667
101 14116
102 14584
103 15091
104 15079
105 15552
106 19713
107 19201
108 16903
109 14286
110 14621
111 14483
112 15767
113 15127
114 15561
115 15359
116 17046
117 16899
118 18468
119 16509
120 16203
121 17899
122 19963
123 18470
124 16741
125 17467
126 17700
127 17000
128 17173
129 18244
130 17307
131 17310
132 18607
133 18881
134 18413
135 18550
136 19329
137 18982
138 18708
139 20065
140 18721
141 18652
142 19137
143 20454
144 19927
145 19227
146 20997
147 19774
148 30116
149 46137
150 61869
151 60551
152 73274
153 40260
154 35187
155 29904
156 21495
157 20537
158 20598
159 22866
160 22433
161 21963
162 23597
163 21157
164 21650
165 22296
166 21792
167 21705
168 22838
169 22316
170 22315
171 23155
172 22658
173 22766
174 23602
175 22983
176 23728
177 23288
178 23322
179 24912
180 24637
181 24721
182 25041
183 24345
184 26070
185 25351
186 25356
187 26423
188 25348
189 25679
190 26610
191 26217
192 27173
193 26487
194 27477
195 27118
196 26544
197 27335
198 27144
199 27511
200 28145
201 27105
202 32242
203 28169
204 27796
205 27221
206 28340
207 28697
208 28152
209 29054
210 28788
211 29772
212 29029
213 29069
214 30187
215 29540
216 30104
217 29294
218 32883
219 34095
220 30237
221 29758
222 29520
223 30269
224 29772
225 32031
226 29804
227 30397
228 30014
229 30637
230 30213
231 31285
232 30519
233 31221
234 30926
235 33338
236 31491
237 31900
238 31616
239 32156
240 31861
241 32432
242 32078
243 32698
244 33097
245 34188
246 32461
247 33251
248 32952
249 34008
250 34511
251 34052
252 33526
253 33881
254 33696
255 34840
256 34489
257 34929
258 34292
259 35665
260 34620
261 35454
262 35346
263 36316
264 35646
265 35622
266 36716
267 35964
268 38754
269 38326
270 36596
271 35897
272 36683
273 36803
274 41015
275 39999
276 38759
277 99644
278 61406
279 72329
280 66854
281 54264
282 45078
283 38495
284 38295
285 37836
286 37817
287 38187
288 37587
289 38296
290 37852
291 39195
292 39308
293 38660
294 39448
295 40107
296 39772
297 39861
298 41128
299 39778
300 39483
301 40269
302 40099
303 40770
304 40360
305 40673
306 40130
307 41007
308 40337
309 42304
310 45457
311 40762
312 42000
313 41753
314 41550
315 49262
316 48759
317 41881
318 53332
319 42670
320 43211
321 43999
322 44091
323 42289
324 43141
325 43518
326 44298
327 43664
328 43406
329 43260
330 50669
331 47211
332 45940
333 46965
334 46717
335 43746
336 44656
337 44763
338 58666
339 67058
340 46981
341 46186
342 46529
343 47204
344 67198
345 79042
346 70442
347 63868
348 45809
349 46205
350 46901
351 46829
352 46118
353 47043
354 46943
355 47100
356 47085
357 47490
358 47535
359 47288
360 48015
361 47962
362 64760
363 73151
364 83036
365 70972
366 70192
367 48013
368 49193
369 49429
370 51773
371 48493
372 49173
373 50427
374 49673
375 50884
376 52715
377 57631
378 53771
379 57719
380 52923
381 53197
382 53819
383 55585
384 53921
385 53420
386 70812
387 56014
388 55776
389 55088
390 54672
391 55051
392 57421
393 55609
394 56610
395 55410
396 55586
397 62627
398 56314
399 56262
400 58852
401 56106
402 56277
403 57174
404 56950
405 57426
406 57164
407 56805
408 58664
409 57812
410 58593
411 58877
412 58965
413 57430
414 58537
415 58437
416 58997
417 59303
418 57985
419 59195
420 59284
421 59744
422 60977
423 60475
424 60153
425 59958
426 59435
427 60872
428 60123
429 61408
430 62124
431 361874
432 60073
433 61244
434 61126
435 61139
436 61034
437 61103
438 62266
439 62699
440 62125
441 62060
442 62783
443 62415
444 58940
445 59104
446 58888
447 60141
448 58778
449 60416
450 59981
451 62280
452 60647
453 60085
454 60633
455 60548
456 60994
457 61116
458 61561
459 61007
460 60886
461 61048
462 61465
463 61305
464 60775
465 61547
466 61570
467 62095
468 70449
469 66420
470 66534
471 64946
472 62789
473 62692
474 62774
475 63228
476 62879
477 63692
478 63320
479 63321
480 63760
481 64461
482 63660
483 64202
484 63875
485 64052
486 64191
487 64562
488 65115
489 65684
490 97826
491 112661
492 102307
493 72474
494 65791
495 65402
496 69107
497 66307
498 69302
499 66437
500 68565
501 66344
502 66484
503 66301
504 66746
505 67345
506 67205
507 67012
508 67740
509 69532
510 69655
511 67449
512 68457
513 82514
514 96572
515 88614
516 103451
517 111914
518 109053
519 100822
520 68936
521 69214
522 69045
523 69211
524 70129
525 69700
526 69965
527 69727
528 69771
529 70015
530 70804
531 70109
532 71286
533 70413
534 70278
535 71632
536 70894
537 70906
538 71608
539 71548
540 71641
541 71724
542 73273
543 74853
544 74945
545 76135
546 74681
547 72993
548 72455
549 72535
550 73199
551 72650
552 73406
553 77801
554 74389
555 74311
556 75416
557 95088
558 104774
559 76991
560 75170
561 445994
562 103530
563 185554
564 132997
565 134385
566 79661
567 76237
568 76584
569 75032
570 76064
571 86506
572 82661
573 84807
574 78501
575 80244
576 79378
577 80797
578 78922
579 79368
580 79232
581 79598
582 79010
583 79652
584 80136
585 86810
586 82413
587 82313
588 81914
589 79737
590 81096
591 81361
592 83415
593 83371
594 81363
595 86236
596 160366
597 150717
598 284511
599 104911
600 85453
601 84465
602 137425
603 610365
604 98179
605 89526
606 93733
607 98756
608 94092
609 95925
610 93334
611 128588
612 143980
613 115979
614 102662
615 95025
616 95457
617 100876
618 207395
619 94564
620 184283
621 164661
622 91171
623 137124
624 110401
625 100120
626 110993
627 101649
628 129468
629 99731
630 106289
631 103616
632 95727
633 135338
634 648540
635 128884
636 109844
637 140761
638 206466
639 193037
640 199568
641 112822
642 131373
643 121936
644 818764
645 147883
646 109098
647 107132
648 215627
649 114532
650 98035
651 112245
652 101617
653 93637
654 119700
655 126982
656 97575
657 97642
658 105326
659 103938
660 95278
661 105484
662 94254
663 104546
664 101470
665 98363
666 102091
667 98026
668 102536
669 99615
670 98472
671 100533
672 106348
673 135065
674 242020
675 176108
676 101652
677 120955
678 100969
679 96657
680 106591
681 95330
682 96005
683 96525
684 97641
685 96197
686 98908
687 98402
688 101338
689 98420
690 109203
691 98031
692 104693
693 99015
694 100223
695 101380
696 99259
697 97545
698 107852
699 100308
700 106959
701 100282
702 96929
703 99347
704 99202
705 113004
706 113426
707 115568
708 230720
709 176528
710 100181
711 100329
712 100357
713 102092
714 99929
715 103792
716 104294
717 108984
718 102023
719 100060
720 102268
721 100434
722 101206
723 106200
724 105490
725 106700
726 102350
727 102112
728 112980
729 102835
730 106400
731 103347
732 104214
733 112855
734 107670
735 104939
736 103675
737 105131
738 102757
739 104636
740 105297
741 108419
742 105944
743 164032
744 231738
745 116978
746 106352
747 105853
748 107430
749 104948
750 105027
751 112418
752 107665
753 106903
754 104979
755 108340
756 105445
757 105800
758 106255
759 109301
760 111290
761 114865
762 115231
763 138324
764 137780
765 154070
766 137681
767 122629
768 120640
769 123306
770 111309
771 108480
772 108291
773 110624
774 110277
775 108725
776 435838
777 120380
778 110419
779 110436
780 109980
781 110673
782 114086
783 125420
784 111494
785 120774
786 118863
787 112777
788 112519
789 112690
790 116725
791 119915
792 119669
793 117679
794 117379
795 115441
796 112234
797 116928
798 112594
799 112782
800 120696
801 115140
802 113241
803 115005
804 114085
805 113934
806 114513
807 113840
808 135729
809 141951
810 120960
811 422173
812 118579
813 123922
814 131877
815 119784
816 119417
817 118846
818 119546
819 121226
820 122407
821 120354
822 129814
823 127574
824 120798
825 128923
826 120928
827 120868
828 123618
829 119994
830 129656
831 123806
832 123259
833 120897
834 124754
835 121915
836 121128
837 124613
838 128535
839 124809
840 124525
841 456613
842 123422
843 122204
844 136863
845 125835
846 128594
847 122315
848 125304
849 123973
850 126014
851 134319
852 129782
853 124746
854 132804
855 126590
856 121188
857 127603
858 123077
859 133268
860 127143
861 132201
862 130418
863 124618
864 127778
865 123697
866 123208
867 125559
868 127188
869 122388
870 260459
871 164424
872 127443
873 129128
874 128211
875 140458
876 132732
877 129700
878 129288
879 130311
880 128945
881 143583
882 145660
883 131395
884 130071
885 129737
886 129590
887 128035
888 134204
889 131046
890 130034
891 130756
892 130960
893 133899
894 136343
895 207724
896 309785
897 129476
898 129623
899 144189
900 161915
901 137745
902 134301
903 165704
904 134462
905 132881
906 131863
907 132816
908 141385
909 134344
910 139689
911 146989
912 130731
913 135338
914 133520
915 134393
916 150266
917 158384
918 136983
919 136076
920 152567
921 168283
922 157143
923 137200
924 132899
925 321520
926 150846
927 130391
928 136265
929 139172
930 143902
931 131800
932 135426
933 131434
934 132975
935 136134
936 136206
937 133029
938 136879
939 132894
940 139292
941 454559
942 147293
943 162890
944 155915
945 151105
946 156102
947 184686
948 172696
949 189293
950 144550
951 136911
952 135706
953 164045
954 165196
955 138898
956 139420
957 138300
958 137090
959 138702
960 142016
961 145653
962 171037
963 373871
964 357392
965 161336
966 143990
967 142298
968 151812
969 160197
970 149598
971 144637
972 145678
973 150318
974 144830
975 149512
976 172773
977 200621
978 147170
979 142348
980 142568
981 140221
982 141390
983 143764
984 143309
985 142332
986 313821
987 193013
988 203769
989 150300
990 147315
991 142831
992 180943
993 157373
994 154405
995 235725
996 161851
997 382494
998 173641
999 170287
